--- ORR Summary ---

{
  "E_H2_g": -6.692961692810059,
  "E_H2O_g": -14.132852554321289,
  "E_O2_g": -9.95978172302246,
  "E_slab": -578.9426879882812,
  "E_slab_O2": -588.8182373046875,
  "E_slab_OOH": -593.314453125,
  "E_slab_O": -584.82568359375,
  "E_slab_OH": -588.8589477539062,
  "dE1": 0.08423240661625186,
  "dE2": -1.1497349739074707,
  "dE3": -2.2976021766662598,
  "dE4": -0.6867833137512207,
  "dE5": -0.8701119422912598
}

ΔE (eV): -1.066, -2.298, -0.687, -0.870
Overpotential η = 0.903 V
