--- ORR Summary ---

{
  "E_H2_g": -6.692961692810059,
  "E_H2O_g": -14.132852554321289,
  "E_O2_g": -9.95978172302246,
  "E_slab": -564.0159912109375,
  "E_slab_O2": -574.0628662109375,
  "E_slab_OOH": -578.41748046875,
  "E_slab_O": -570.0951538085938,
  "E_slab_OH": -574.4832153320312,
  "dE1": -0.08709327697749814,
  "dE2": -1.0081334114074707,
  "dE3": -2.4640450477600098,
  "dE4": -1.0415806770324707,
  "dE5": -0.31914758682250977
}

ΔE (eV): -1.095, -2.464, -1.042, -0.319
Overpotential η = 0.548 V
