--- ORR Summary ---

{
  "E_H2_g": -6.692961692810059,
  "E_H2O_g": -14.132852554321289,
  "E_O2_g": -9.95978172302246,
  "E_slab": -304.5118103027344,
  "E_slab_O2": -314.2293701171875,
  "E_slab_OOH": -318.3955078125,
  "E_slab_O": -309.4248046875,
  "E_slab_OH": -314.31341552734375,
  "dE1": 0.24222190856932002,
  "dE2": -0.8196568489074707,
  "dE3": -1.8156685829162598,
  "dE4": -1.5421299934387207,
  "dE5": -0.9847664833068848
}

ΔE (eV): -0.577, -1.816, -1.542, -0.985
Overpotential η = 1.063 V
